function [tn] = ceta(xp,xn)
%CETA Summary of this function goes here
%   Detailed explanation goes here

% delta = 0.000001;
% c_N = r_n./(r_p+r_n+delta);
% t2 = c_N.^2;
% t3 = c_N.*1.216152772820919e-1;
% t5 = c_N.*1.718305977216851e-4;
% t4 = exp(t3);
% t6 = -t5;
% t7 = exp(t6);
% TN_Anteil = ((c_N.*3.906219045425992e+17-t2.*4.590953499729531e+15+1.319829183465711e+20).*(c_N.*7.378697629483821e+19-t4.*9.913820620264122e+16+t7.*7.377089983858165e+21-7.378697629483821e+21).*(-2.710505431213761e-20))./(c_N.*(c_N.*-7.812438090851985e+17+t2.*9.181906999459062e+15+t4.*3.965528248105649e+15-t7.*2.950835993543266e+20+3.118206848621062e+19));
% TN_Anteil = min(0.999,TN_Anteil);
% TN_Anteil = max(0.001,TN_Anteil);
p1 =   -0.003787;
p2 =     0.05479;
p3 =      0.5837;
p4 = 0.007;
tn = p1*(xp+xn).^2 + p2*(xp+xn) + p3 +p4*xn;
end

